#Growth history of baryons in galaxies
#rho values are in Msun/cMpc^3
#redshift rho_atom rho_mol rho_z_cold rho_star rho_BH
17.841478 0.0 0.0 0.0 0.0 0.0
17.520733 0.0 0.0 0.0 0.0 0.0
17.205448 0.10414029932903728 2.455298955471773 0.0005505807333871996 0.005716295876478926 0.0
16.895529 0.11231592593025344 2.517355562479394 0.0019610618239079974 0.08758129074299213 0.0
16.590887 0.2627429419685932 3.588334573309291 0.003440698325961665 0.20052068216559468 0.0
16.291431 0.4247195476531061 7.000382146118007 0.004279605789810746 0.2542252453350455 0.0
15.997072 0.8624556308236032 6.5350892918522385 0.013871080388339882 0.6241039167606389 0.0
15.707725 0.8723189158778446 10.978674695764527 0.013099654697923563 0.8031929944297113 0.0
15.423303 0.7571259022298035 12.95188879968798 0.02668129225098915 1.4595447860565178 0.0003322358511378934
15.143723 2.4799093925919826 11.192379426763656 0.0318790806125601 2.3209496877773126 0.0071301546116332055
14.868901 2.6090321916650225 16.628887021696098 0.02828852886329824 2.63968586602309 0.009348729588606339
14.598759 3.829556406443065 31.399798469428394 0.03503942846407978 3.1987269064535013 0.010473961542795679
14.333216 6.714222889125363 41.688410265564364 0.0462154604251297 4.031538261881964 0.011384641813742375
14.072192 9.679025456468164 60.92056026981765 0.09266545444347393 5.695200249639814 0.025746579907397798
13.815613 11.10558241197086 70.03482836869506 0.14575407726260392 8.589311533098261 0.04330521972234663
13.5634 17.806491414492065 104.6443802537932 0.15429109341089534 10.739852934419373 0.054156337479828114
13.315482 16.252067777222308 140.39998316264436 0.1653072867039628 13.184518747922647 0.06014895027986881
13.071784 20.087785431077556 134.43208744743208 0.2348318413380839 19.114601239079164 0.0937400131627055
12.832235 38.07498975918472 165.3897751513437 0.31657624653036 25.708752496871206 0.13888704462005713
12.596764 53.22804898286569 271.7857070649548 0.3491309412050534 30.146562312747314 0.1607630810146466
12.365301 65.93920765847957 338.89048526791345 0.4414646332334773 38.00986940605224 0.18340224654750728
12.137778 86.51125581355683 406.7493208427808 0.6861491613021512 52.47526739662536 0.2785561890454854
11.914128 116.41910799620497 523.5299439712127 0.7844790127483268 65.9834731685531 0.3405466645069376
11.694286 148.4796613789953 702.6251103273873 1.0025731109183496 83.23821067087927 0.4328095238518989
11.478187 203.14146381168803 904.4740671732125 1.2672744503350601 105.57236123325181 0.5299422963028395
11.265766 250.69031887085566 1078.6724959665758 1.7970569411935025 143.87273128861068 0.7542102004002174
11.056961 330.06266081991726 1312.7397698509417 2.123391220460463 185.60169027533473 0.9712273892823619
10.85171 432.30728823150736 1712.9044036392802 2.36684740614031 228.13699683589505 1.1676366527901252
10.649955 526.7031801484349 2033.6208627784292 3.012231228507842 293.54161202575773 1.5082035172368118
10.4516325 650.4486064185808 2479.967849091307 3.4396683325289152 363.7006041083174 1.847828293704012
10.256687 827.1799630674492 2950.3055936569353 3.8915867003712763 447.49815323716103 2.221780741465503
10.065061 1027.6237185467053 3710.1502015249625 4.662546903442462 540.6101624993437 2.621833637692387
9.876696 1277.6773693376178 4338.472806065584 5.97253957504513 675.298121520424 3.2866505994646764
9.691538 1615.2278033604273 5190.3979759986305 7.435699884528071 829.671929697762 4.039851600243477
9.509531 1985.5458566991506 6362.472543856949 8.819746066828609 995.3469535140775 4.758854900392953
9.330624 2302.901862366863 7677.664816034862 11.113889902981393 1210.80279390066 5.776854785034358
9.154761 2809.1330712406666 8567.553829279665 13.784173096162197 1501.697712010245 7.2722898140402386
8.981894 3402.2502511893026 10138.60923790988 15.989574875955283 1802.7707461192285 8.76244946930741
8.811968 4042.975261515936 11820.231649128349 18.302857091865693 2145.036075720918 10.362051334980938
8.644935 4789.28606284629 13909.76798638959 21.378457391887494 2536.4404506702567 12.161282294689947
8.480745 5673.32401682739 15571.751871594859 25.839597075019185 3038.2091994227617 14.619270500035169
8.319351 6702.644496292076 17584.907090995574 29.69978004537486 3591.722726213897 17.247407050506663
8.160704 7782.08355233011 20183.370729467868 32.85689029174879 4161.991707533423 19.80779512936884
8.004758 8927.338723972722 22888.714588093488 38.77630189894412 4837.105911791895 22.81303584978006
7.8514667 10341.277215133849 25425.07937616837 45.7443965676825 5640.437460266233 26.70915982872316
7.7007847 11737.830183751164 28577.812350882694 53.65944740138705 6517.152472552794 30.801123286689315
7.5526676 13393.150317211504 31241.38392484029 61.549641677652865 7523.370276673719 35.47382438089728
7.4070725 15399.544893198394 33977.683038671814 68.53555481955948 8603.4549142809 40.282013913086075
7.2639556 17195.007394673983 37445.890932622504 75.1540076680245 9743.943342415068 45.15334633062138
7.1232753 19090.84857645308 41691.291942190175 84.61966541354094 10962.746911441109 50.11737733482041
6.9849896 21540.42020260789 44803.4741204668 96.99863076420588 12421.361715660978 56.20394238028551
6.849058 24417.691251327662 48605.350793997146 109.1525815439216 13959.865333889416 62.30008007088228
6.7154403 27263.086029651822 52187.03298493812 123.07705916896273 15675.309469574433 69.36687802416353
6.5840974 30410.447504429943 55680.593836025866 136.83754730419165 17554.401456680152 76.91394549230246
6.4549904 33731.44320454745 59999.06640532556 151.61253169767022 19535.657543606074 84.63665887864362
6.3280816 37130.82099878871 65891.84787485647 169.13315143852236 21542.240459578567 91.7337780046431
6.203333 40855.275785520746 69923.78673981722 191.27636791776675 23817.61828378937 100.49973535296117
6.0807076 44994.23095443945 73418.73237970084 216.9466554767366 26431.520357728885 110.48934126200137
5.96017 49217.92387549317 77442.08381225448 239.45216106484673 29146.76893999041 120.51088433893977
5.8416843 53337.487646587884 82314.78108230828 261.91842348579786 31964.08473040324 130.13379542593944
5.725216 57693.73272537003 87783.73008666647 289.5146881211651 34950.96311872105 139.88749155442252
5.6107297 62236.51495151097 91075.97400054258 321.2342920367025 38377.12220571271 151.87217959689679
5.498193 67289.34798675397 95346.28814439075 348.51150819212387 41792.68635201141 163.15512598510327
5.387572 72754.68695994305 98475.88469497778 377.9808303143645 45569.07507327051 175.3743119386616
5.2788334 78465.34692940765 102246.58620187394 410.84503511061195 49583.25990074453 188.4298009135495
5.1719465 84548.83733141198 107066.91406922588 449.377640683803 53866.9908190584 202.7601910120769
5.0668793 90786.22218639185 113147.87875581635 489.0936650429736 58186.874305244455 215.79525040579531
4.9636 97115.73468843315 117768.15254366357 533.7092847248529 62838.81969344514 229.95980537791024
4.8620796 104012.29642897652 121838.55195782297 577.6283934737046 67828.17453284704 244.43146747611505
4.762287 110934.66401355874 126883.80784682439 624.763672840138 73237.51665343813 259.8003811296464
4.6641936 118534.66362495262 131045.40300615114 685.0368229146849 79241.43831054238 277.839395113746
4.56777 126814.85581602601 134342.71576958196 736.5171901209268 85511.52682545 295.9101166243235
4.4729877 134219.6524633825 140859.38378379028 783.9022513107514 91410.5180711536 311.25934915761076
4.379819 141996.10377920675 143985.58368261383 853.0307828037312 98545.13284413502 331.3043574952279
4.288236 150516.61343722718 146614.71407862622 928.0986919496163 106178.52415517284 356.22303719077235
4.1982126 159431.23921217173 149937.71946437046 993.8077776418543 114054.11415567284 379.98517465175087
4.109721 168478.70019915834 153906.15836008138 1057.1246461325704 121816.26469663653 402.7457353106815
4.0227365 177925.06745299188 157035.78103875887 1137.0468687151747 130657.81020248558 429.7709242599353
3.9372327 186973.92193813785 162579.25606655292 1208.3886672065933 139219.40192811695 453.57164147952534
3.8531842 194868.10642970196 165449.0958508697 1294.1225527914614 148949.04993902365 486.38284163387095
3.7705667 203814.71298740408 166157.1845218271 1361.3182860073368 159149.43904689292 518.0213055809002
3.6893554 214823.4529587975 167893.50064713045 1431.2901288375847 169352.31903272204 549.131526219322
3.6095269 225335.35858019415 172299.61989597284 1505.11872277474 179331.47288906414 575.7564246572682
3.5310571 235882.34551775295 177397.62839966995 1591.439265641351 189372.89869440312 599.5687090002515
3.453923 245876.58399167025 180392.69141233317 1709.9226713961182 201383.31998020646 634.339822129773
3.3781023 255304.90544433997 182010.2466570041 1802.2314460014954 213936.90942980562 668.5321027963175
3.3035722 265500.3824711974 182865.73259576902 1885.020205886646 226428.035324411 705.707612627875
3.230311 276141.6395592377 184798.41003045475 1976.8875246298162 240014.9210779108 744.221302552223
3.1582966 287435.24539186055 187089.35584191477 2060.9669033180403 253527.6378918781 780.6154191776176
3.0875084 299851.40108549176 188887.0033049574 2162.6726728842623 267755.5327986886 817.201005716121
3.017925 311414.05657523515 195453.4279128188 2267.314178367683 281529.65244862693 848.6178571873166
2.9495265 321942.28354382346 200936.87800739793 2385.3612994448185 295227.0426061649 877.0980881965837
2.882292 333256.547986659 205240.74932879646 2530.571428344343 310246.9670293079 910.8443541934662
2.8162024 344809.1702896549 210444.31531806593 2673.1894329333504 325166.87312206207 942.6172689394659
2.7512376 355480.3004944867 212337.88771065432 2825.4348223644342 342150.68933866074 981.8568298776895
2.687379 366639.60794200015 214628.4677288475 2973.2947751076376 359952.76767444215 1022.0933407686038
2.6246073 377552.4752400288 222336.04539814484 3131.299775485716 376801.7281066677 1055.930170537465
2.5629041 388518.8877048314 225918.52014116396 3304.712728558777 395295.4344163989 1093.1300393700506
2.5022516 400499.1745929383 227705.42024965247 3493.58180799366 414601.27145341155 1135.8567478018174
2.4426315 412814.2494138341 228877.6483200424 3680.74494085375 435638.9480028906 1185.2380903636042
2.384026 424961.4425439797 229547.8860972459 3860.116459396169 458471.48501909355 1243.9526726237686
2.3264186 438471.54654889816 232521.7156817057 4005.687754713171 478948.8359586895 1287.2527701663275
2.2697916 451327.08963090606 239135.71083298262 4196.686817858061 498844.78462874185 1323.000488719748
2.2141287 461594.662768784 238154.0262171597 4380.194467558285 522774.8059578115 1383.9992376405612
2.1594133 474113.4321831259 237395.59742519498 4510.343929632232 546778.7175267817 1435.5541787717382
2.1056294 487841.47930017 239017.82088869982 4693.601729467163 570340.0889177897 1486.7327120993195
2.0527613 501636.72786594974 245369.96031710392 4903.532227176414 592059.3254170172 1523.7228757889761
2.000793 515602.54060643655 250302.28188965181 5161.804046970598 614112.4789126839 1559.400239015405
1.9497092 527488.522506608 254096.8296338002 5425.103346842889 638985.7243083778 1606.4035851332535
1.8994952 538993.1387980137 259731.66588466804 5666.921545987342 661662.886279811 1638.0475604743701
1.850136 551795.4502503335 256473.1794637027 5899.085960031622 688758.6915647938 1685.6322566055812
1.801617 565139.4841121089 255912.67966654967 6149.713680352349 717339.1297887706 1740.397550771692
1.753924 578674.7407588041 256126.47712165117 6363.69893110424 744568.0141479733 1787.335848830929
1.7070429 594721.8126752196 257636.1581900598 6616.559514491272 770907.9163564052 1828.4298918166946
1.66096 607680.9275079228 260812.44563834925 6870.760795521481 799025.5738416549 1868.3364675232929
1.6156614 612070.7950844815 250864.55839695802 7066.315400110034 829836.0271700732 1927.7151387500326
1.571134 618301.1950299374 242512.12203568473 7222.831915833111 857700.695064489 1974.470676259657
1.5273646 623462.4335126161 233935.1234460288 7358.642464179504 887165.7955949425 2027.0552274566348
1.4843403 632739.0901093652 227007.1905781726 7468.6602325322865 911848.4104424345 2054.9913273731045
1.4420484 638004.9803038125 222809.817353604 7636.97739145732 937258.5706789341 2089.9092068859154
1.4004765 643460.1772232105 215278.16882692729 7757.354947688677 963122.8022906648 2129.8538860578087
1.3596122 647180.4689341914 205850.6486356992 7808.718963241964 990455.2235631088 2178.686606761246
1.3194437 653397.0732478696 200025.4431175343 7872.524848884604 1014533.9659832373 2209.00294850443
1.2799588 662157.9265009275 193084.13266734814 7980.8655204291745 1038019.7052616455 2238.4996574923516
1.2411463 667264.7488804826 187708.03418722152 8043.416169057944 1062946.1822870274 2273.243485819046
1.2029943 672067.1615871232 183847.83526103976 8109.469614817788 1085318.44686119 2296.331736279516
1.1654919 677578.8648568837 177632.7812140638 8185.361375316879 1107872.3539204267 2320.2835745641432
1.128628 684273.2300145022 172653.39424118315 8286.121090273342 1129902.30567174 2342.5613098842605
1.0923915 689262.5804992224 167173.4975669104 8341.26170357261 1151593.288995786 2364.603075887156
1.056772 695238.3186560534 159944.76070262695 8334.971910122793 1176339.7260589774 2406.8973780297238
1.0217587 702280.570629159 155647.8046158443 8388.947101719245 1195746.4175252744 2427.2209499154105
0.9873415 705979.0540939458 151787.98890165635 8452.032831867804 1219739.6688333256 2477.2494390100965
0.9535103 705249.2791078831 145383.83715445377 8346.591289696986 1244493.9094862093 2522.210711555726
0.92025495 706906.6361437311 137857.7800391415 8275.849484700164 1267683.948455199 2560.2630093404896
0.8875657 712466.3454250818 132710.3894444217 8262.455027978429 1289202.207682391 2587.6297346184037
0.8554329 713559.7537558323 127871.25806128173 8223.623242160767 1311164.8534726065 2621.9277524011427
0.8238472 715532.8774745938 120125.5856360526 8124.081749423318 1335945.9886399661 2678.6600018793188
0.7927991 722180.8391435053 117850.41248188395 8116.590608146262 1354850.8814190738 2703.0190029073874
0.7622796 724257.3604256922 115015.95884145172 8119.74285339662 1374604.1358776065 2727.6131567498496
0.73227966 724908.2634159344 110844.95756954922 8100.830470564906 1394135.1273797194 2752.161042098739
0.70279044 727295.7438123848 106861.26857835668 8085.166680317226 1415777.8259925435 2798.08633231634
0.67380315 729227.8986852608 102978.31208535969 8042.610552934558 1434983.4356744434 2834.6999521185962
0.6453094 732666.216043693 100044.38880443886 8038.419171752074 1452957.4716830913 2858.6321943353573
0.6173006 736599.1555737939 98695.26485208026 8083.070445390766 1468142.4211257577 2876.7522972565384
0.5897687 737273.6086829295 94701.83879249911 8068.201384562101 1487137.1945361448 2905.099642430588
0.56270546 741851.0411117396 92770.07584098048 8128.4364311713525 1503984.1692334933 2922.374120589823
0.53610295 744222.8446538971 90069.39802384788 8160.5538420687635 1521159.8701466373 2943.3361976868155
0.50995326 746549.429180783 87945.36716379003 8166.14906377977 1538371.6626621091 2967.1682822233715
0.48424876 748900.8876498138 85980.36928117038 8144.947751354244 1555976.8397079713 2991.5329987712344
0.45898184 749611.502036185 84488.42918620324 8131.615348847418 1573028.7979845633 3016.496484059452
0.43414503 753306.7804552052 82225.10947575275 8161.240793114516 1589912.2823336872 3037.638736113769
0.40973103 756662.5330476947 79816.02985783205 8189.984414327637 1606513.0259062748 3059.1451484292656
0.38573262 759836.9915296499 77928.8414286863 8198.120048503402 1623686.3578725478 3086.6495905174615
0.36214277 763248.9020979621 76842.47897300411 8230.978843968416 1641036.803454877 3108.203359996968
0.3389545 766864.6814469901 74474.42916651338 8241.532959519996 1657285.5493924075 3129.1512843782793
0.31616095 771652.6714476811 74388.95547316295 8297.784561000233 1672770.9370382344 3146.5632071801865
0.29375544 771569.6189573826 73277.34457270565 8324.368804401547 1689413.4855556032 3169.166999296188
0.27173135 777565.9112120643 69898.20298454752 8398.16378563896 1704600.5252455089 3184.305233890402
0.2500822 781510.9741761518 68975.02787269118 8428.591580018134 1720357.5056825972 3201.16737812162
0.22880156 784927.9710127456 68470.9037854482 8487.218660391924 1736073.5172738 3217.783755001683
0.2078832 789712.4772680382 66278.48700321921 8545.909427986278 1751190.882055737 3233.1770106457666
0.18732093 792880.7346831843 66019.80584334071 8596.553832380701 1768192.116999328 3253.841336378237
0.16710871 796911.5674589811 65675.38970920691 8654.602284417222 1784432.3625980862 3272.069217672682
0.1472406 800236.9417915962 64248.98757454768 8715.844351180705 1798745.4002424343 3288.8886315892473
0.12771067 806958.7588629544 63420.58340157382 8817.973069211706 1812728.4575226433 3301.8952494677987
0.10851322 807412.1334891059 62187.420269483635 8855.178381396476 1831530.9281870371 3355.821995229804
0.08964258 807472.4719594066 60938.99397786659 8843.800686659299 1848619.2567655887 3389.8282493354245
0.07109317 811284.8042238139 59559.53966713293 8888.031733509306 1864061.0279190273 3413.960262577377
0.05285954 810402.5805391162 58006.52951533135 8866.482590879155 1879593.9338520889 3441.5801037318956
0.03493631 808625.4523364702 57800.89273382566 8859.361597550682 1896702.8862033992 3468.311589809815
0.0173182 808292.4062763805 56630.81152153751 8862.367416627263 1913831.9049282041 3498.7668731175227
0.0 806810.3513089814 55394.58704817845 8810.786755657013 1929975.9991539659 3525.393030330662
